0 1 2 3 4 5 6 7 8 9 10 11 12 0.001 6 10.1
0 1 2 3 4 5 6 7 8 9 10 11 12 -0.1 6.02 10
0 1 2 3 4 5 6 7 8 9 10 11 12 -0.001 6 10.002
0 1 2 3 4 5 6 7 8 9 10 11 12 0 6 10
0 1 2 3 4 5 6 7 8 9 10 11 12 0.03 6.02 10.04
0 1 2 3 4 5 6 7 8 9 10 11 12 0.004 6.001 10.08
0 1 2 3 4 5 6 7 8 9 10 11 12 0.001 6.03 10.00
0 1 2 3 4 5 6 7 8 9 10 11 12 0.012 6.023 10.078
0 1 2 3 4 5 6 7 8 9 10 11 12 0.018 6.020 10.064
0 1 2 3 4 5 6 7 8 9 10 11 12 0.016 6.001 10.011
0 1 2 3 4 5 6 7 8 9 10 11 12 0.026 6.029 10.048
0 1 2 3 4 5 6 7 8 9 10 11 12 0.003 6.022 10.039
0 1 2 3 4 5 6 7 8 9 10 11 12 0.019 6.003 10.031
0 1 2 3 4 5 6 7 8 9 10 11 12 0.029 6.025 10.049
0 1 2 3 4 5 6 7 8 9 10 11 12 0.014 6.002 10.004
0 1 2 3 4 5 6 7 8 9 10 11 12 0.029 6.010 10.006
0 1 2 3 4 5 6 7 8 9 10 11 12 0.014 6.009 10.043
0 1 2 3 4 5 6 7 8 9 10 11 12 0.001 6.015 10.041
0 1 2 3 4 5 6 7 8 9 10 11 12 0.017 6.028 10.059
0 1 2 3 4 5 6 7 8 9 10 11 12 0.014 6.002 10.006
0 1 2 3 4 5 6 7 8 9 10 11 12 0.023 6.025 10.072
0 1 2 3 4 5 6 7 8 9 10 11 12 0.004 6.019 10.038
0 1 2 3 4 5 6 7 8 9 10 11 12 0.011 6.006 10.033
0 1 2 3 4 5 6 7 8 9 10 11 12 0.020 6.014 10.077
0 1 2 3 4 5 6 7 8 9 10 11 12 0.027 6.010 10.048
0 1 2 3 4 5 6 7 8 9 10 11 12 0.019 6.024 10.064
0 1 2 3 4 5 6 7 8 9 10 11 12 0.007 6.001 10.028
0 1 2 3 4 5 6 7 8 9 10 11 12 0.013 6.008 10.053
0 1 2 3 4 5 6 7 8 9 10 11 12 0.021 6.016 10.063