0.0296 0.0 0.0 0.662722 0.664352 0.0881471
0.059000000000000004 0.0 0.0 0.822485 0.777778 0.0736471
0.0394 0.0 0.0 0.733728 0.699074 0.088742
0.0443 0.0 0.0 0.698225 0.664352 0.0913869
0.1325 0.0 0.0 0.852071 0.796296 0.0684376
0.11289999999999999 0.0 0.0 0.881657 0.775463 0.0722476
0.108 0.0 0.0 0.970414 0.925926 0.0426361
0.1423 0.0 0.0 0.863905 0.791667 0.0624071
0.157 0.0 0.0 1 1 0.00417687
0.07859999999999999 0.0 0.0 0.934911 0.888889 0.0567166
0.08839999999999999 0.0 0.0 0.857988 0.8125 0.07122
0.0688 0.0 0.0 0.887574 0.847222 0.0657376
0.0541 0.0 0.0 0.899408 0.872685 0.0526626
0.0737 0.0 0.0 0.982249 0.962963 0.0307372
0.01 0.0 0.0 0.650888 0.668981 0.0897633
0.12269999999999999 0.0 0.0 0.698225 0.664352 0.0867874
0.0982 0.0 0.0 1 1 0.00259518
0.0639 0.0 0.0 0.863905 0.793981 0.0690057
0.1031 0.0 0.0 0.822485 0.791667 0.0763072
0.0247 0.0 0.0 0.686391 0.638889 0.0926699
0.16190000000000002 0.0 0.0 1 1 0.00256132
0.13740000000000002 0.0 0.0 0.852071 0.81713 0.0711449
0.0345 0.0 0.0 0.656805 0.638889 0.0928442
0.1472 0.0 0.0 1 0.99537 0.00960474
0.019799999999999998 0.0 0.0 0.633136 0.657407 0.0911526
0.0492 0.0 0.0 0.710059 0.694444 0.0874528
0.0149 0.0 0.0 0.615385 0.652778 0.0927229
0.1276 0.0 0.0 1 1 0.0107516
0.08349999999999999 0.0 0.0 1 1 0.00600376
0.0933 0.0 0.0 0.763314 0.6875 0.0839236
0.1521 0.0 0.0 1 1 0.00107719
0.11779999999999999 0.0 0.0 1 1 0.00565406
0.2158 0.0 0.0 1 1 0.0010254
0.2011 0.0 0.0 0.87574 0.826389 0.0439488
0.1913 0.0 0.0 1 1 0.00514689
0.2256 0.0 0.0 1 1 0.00243988
0.2207 0.0 0.0 1 1 0.000997878
0.1815 0.0 0.0 1 1 0.00282504
0.2354 0.0 0.0 1 1 0.00479039
0.1766 0.0 0.0 1 1 0.0019102
0.1668 0.0 0.0 1 1 0.00143478
0.2109 0.0 0.0 1 1 0.000955532
0.1717 0.0 0.0 0.940828 0.902778 0.0408678
0.2844 0.0 0.0 1 1 0.00074522
0.2305 0.0 0.0 0.899408 0.875 0.0267973
0.1864 0.0 0.0 0.946746 0.828704 0.0375627
0.1962 0.0 0.0 1 1 0.00102323
0.20600000000000002 0.0 0.0 1 1 0.000813247
0.2403 0.0 0.0 0.757396 0.773148 0.0762821
0.2795 0.0 0.0 1 1 0.000923545
0.2697 0.0 0.0 1 1 0.00153852
0.304 0.0 0.0 1 1 0.000807313
0.25989999999999996 0.0 0.0 0.893491 0.828704 0.0287437
0.255 0.0 0.0 0.940828 0.930556 0.0198079
0.2501 0.0 0.0 1 1 0.000973236
0.2452 0.0 0.0 1 1 0.000905491
0.2942 0.0 0.0 1 1 0.000686855
0.2746 0.0 0.0 1 1 0.00600602
0.2893 0.0 0.0 1 1 0.000692331
0.3089 0.0 0.0 0.970414 0.944444 0.0311733
0.29910000000000003 0.0 0.0 0.964497 0.928241 0.0177802
0.3138 0.0 0.0 0.940828 0.918981 0.0400182
0.26480000000000004 0.0 0.0 1 1 0.00123404
0.31870000000000004 0.0 0.0 1 1 0.000568535
0.3285 0.0 0.0 1 1 0.000381503
0.3334 0.0 0.0 0.970414 0.944444 0.0165911
0.3481 0.0 0.0 0.970414 0.944444 0.0307428
0.3432 0.0 0.0 1 1 0.000509106
0.353 0.0 0.0 0.911243 0.93287 0.0209932
0.3579 0.0 0.0 1 1 0.000481683
0.3824 0.0 0.0 1 1 0.000776652
0.3383 0.0 0.0 0.970414 0.944444 0.031014
0.3775 0.0 0.0 1 1 0.00110319
0.3236 0.0 0.0 1 1 0.000762546
0.3628 0.0 0.0 1 1 0.00101413
0.4069 0.0 0.0 1 1 0.000491477
0.4265 0.0 0.0 1 1 0.000272353
0.3726 0.0 0.0 1 0.979167 0.0129695
0.4167 0.0 0.0 0.970414 0.949074 0.0261283
0.4118 0.0 0.0 0.970414 0.944444 0.0176223
0.402 0.0 0.0 1 1 0.000685584
0.3873 0.0 0.0 1 1 0.000465612
0.4314 0.0 0.0 1 1 0.000288134
0.36769999999999997 0.0 0.0 1 1 0.000448069
0.4363 0.0 0.0 0.911243 0.893519 0.0225167
0.4412 0.0 0.0 1 1 0.000315589
0.45589999999999997 0.0 0.0 1 1 0.000635857
0.4216 0.0 0.0 1 1 0.000467945
0.3922 0.0 0.0 1 1 0.000448911
0.4461 0.0 0.0 1 1 0.000480952
0.3971 0.0 0.0 1 1 0.000872803
0.4706 0.0 0.0 1 1 0.000304994
0.451 0.0 0.0 1 1 0.000368565
0.4608 0.0 0.0 1 0.981481 0.0132277
0.4657 0.0 0.0 1 1 0.000517139
0.4755 0.0 0.0 0.923077 0.856481 0.0458808
0.4853 0.0 0.0 1 1 0.000313572
0.4804 0.0 0.0 1 1 0.000390637
0.49019999999999997 0.0 0.0 1 1 0.000612662
0.4951 0.0 0.0 1 1 0.000271267
