7.074127452784555
3.457494339785275
3.328376199048109
3.244626860650963
3.174475481986541
3.112683462607123
3.060368355183984
3.015313884579788
2.975149302984611
2.938209833158918
2.903533240097474
2.871012803273355
2.840218258078906
2.810790679053736
2.782093817235841
2.754791619942971
2.728617346864803
2.703767132083565
2.680169511028851
2.657734865516428
2.636419918553037
2.616072251649974
2.597326499372921
2.579680720082618
2.563167137701442
2.547713568638397
2.533478525125992
2.520354582740419
2.508178187324688
2.496654688412038
2.485825006905021
2.475147418873051
2.464984354112003
2.455645951098806
2.447004302701978
2.438636321615946
2.430732825698681
2.423811397779256
2.416704955409423
2.409863185962831
2.403331620435216
2.397139911388398
2.391260079733232
2.385611322651553
2.380167119864335
2.375012356913874
2.370073236860742
2.365346199466558
2.360808260589510
2.356371576028693
2.352062120148924
2.347922151842706
2.343913410818015
2.340036890432447
2.336235818979817
2.332543807495920
2.328944152309339
2.325416095000215
2.321988292354001
2.318682041022295
2.315462226073637
2.312328596777959
2.309269450820919
2.306295735577229
2.303411175469689
2.300612040237854
2.297875048667914
2.295199661998442
2.292581669223688
2.290028702070452
2.287536780122089
2.285079577889079
2.282670940821480
2.280298137122974
2.277949451629681
2.275631966443491
2.273224375988200
2.270699906563271
2.268387091321894
2.266121698144062
2.263923232672114
2.261723878303298
2.259589044298386
2.257470302677923
2.255373487331819
2.253362463630510
2.251230932992338
2.249207192108498
2.247133039812497
2.245165717311753
2.243187346243914
2.241108292920931
2.239237503834043
2.237161736567068
2.235122734440789
2.233073667208919
2.231061141660369
2.229020307379750
2.226928942171964
2.224736283617315
2.222616738031599
2.220520770608440
2.218397789583588
2.216241151160817
2.214031340985537
2.211788993016295
2.209510844261133
2.207184980290315
2.204829324114108
2.202454721582056
2.200027999703338
2.197569266496766
2.195053189914252
2.192459338674584
2.189766166092455
2.187041595179608
2.184207495773500
2.181350459450885
2.178418131327518
2.175413954678285
2.172294495014763
2.169112697869318
2.165762428041559
2.162260300431942
2.158604069835726
2.154891012577743
2.151044634985269
2.147095318105420
2.143005605051047
2.138683785252654
2.134044882172304
2.129084351704035
2.123883146658796
2.118318602330277
2.112273524841754
2.106401056721425
2.099262449157644
2.091268289846681
2.082138171899173
2.072016187252091
2.060005193826888
2.046186478550218
2.030710448379590
2.013563203129285
1.994279954239346
1.972988677247855
1.949406886734928
1.923678388470322
1.895806727947095
1.865711305210715
1.834049751455345
1.801203593946587
1.768414998239375
1.732765784631923
1.696027500116936
1.660243352984421
1.627886099392300
1.597913465698066
1.569852408363474
1.543495688920582
1.518415165485788
1.493797830687331
1.473080741530852
1.455035365317618
1.439101318279102
1.424159391078224
1.410806716098546
1.398991622796803
1.387730902041403
1.377637931234451
1.368734044990767
1.360155312881989
1.352378839676285
1.345259410393223
1.338604312558104
1.332347164660681
1.326439292805987
1.320783336073499
1.315392765342148
1.310006154176218
1.304618460939942
1.299142557683829
1.293777948340563
1.288546191145161
1.283495849766824
1.278569080168291
1.273791181516391
1.269207809739952
1.264480116276328
1.259802166879984
1.255306670159196
1.250845033999841
1.246153323788361
1.241678899886856
1.237209506749883
1.232747467092129
1.228099669489747
1.223298296956581
1.218262223751716
1.213080842098756
1.207815119337192
1.202591760228423
1.197358103698857
1.192180484344942
1.187225977059338
1.182564169634968
1.178188032945624
1.174254617390897
1.170248081194308
1.166381582484346
1.162636999480243
1.159019831859840
1.155524377183512
1.152131653741543
1.148849888162522
1.145789330735604
1.142799822723668
1.139795688665348
1.136782124815814
1.133811830632566
1.130980584525774
1.128169737428779
1.125439446288910
1.122780467536221
1.120217171431432
1.117711568692440
1.114946108403437
1.112516837330279
1.110070962696192
1.107698900503335
1.105381959054423
1.103150521278799
1.100931900612651
1.098774038383035
1.096626628192972
1.094750553515224
1.092200807607024
1.090019775097263
1.087923773142520
1.085920815776940
1.083943753368714
1.082461273804699
1.080341799939276
1.078462053494607
1.076692119668374
1.074941549241437
1.073576336089214
1.071605236053738
1.070122376356120
1.068513184915114
1.066936209092461
1.065704348722244
1.063961601440339
1.062422942410050
1.060963601007814
1.059487510980017
1.058468294361016
1.056830922787629
1.055366224228984
1.053890418602204
1.052475311080747
1.051490892321759
1.049848468077633
1.048391052992075
1.047036329482043
1.046085614436405
1.044535319182582
1.043173554295488
1.041837139189463
1.040979341749560
1.039384451499387
1.038032972613938
1.036705148980172
1.035772219207726
1.034255336156309
1.032917051817593
1.032014455746108
1.030585397378722
1.029300444991336
1.028112349988366
1.027298813697941
1.025855669432972
1.024641294353654
1.023856969173990
1.022470167231921
1.021301780404150
1.020515770875983
1.019202537957161
1.018076635377949
1.017316400383067
1.015977974009754
1.014758922560214
1.013960151031143
1.012635653737112
1.011424182565786
1.010706247501099
1.009434316655628
1.008276727762626
1.007579027034999
1.006338304436400
1.005214235845302
1.004618858982147
1.003356881247712
1.002579655702703
1.001475954933352
1.000718256560810
0.999585296529732
0.998775320236059
0.997747890923407
0.996683291220881
0.996062740919930
0.995015679440620
0.994529071923374
0.993512697131524
0.992986780463882
0.992001125928315
0.991528594343641
0.990488290293379
0.990078719420134
0.989386394531314
0.988482900891275
0.987893749901233
0.987091358623824
0.986583910136766
0.985717663667154
0.985181845769888
0.984415109190791
0.984017940697982
0.983144258795247
0.982691832464485
0.982020535758828
0.981317307183936
0.980569461228947
0.980152395355500
0.979322953227792
0.979004870641881
0.978406704459572
0.977569264259028
0.976866341637994
0.976895252564015
0.976351910007337
0.975394880736782
0.975047353035118
0.974450590512646
0.973496528512661
0.973116738966164
0.972484202634148
0.971605295109557
0.971094233877443
0.970549997671727
0.969908314171724
0.969019684791340
0.968558502313960
0.967774715329397
0.967094605489676
0.966676670183298
0.966108632336452
0.965248002337688
0.964583827531621
0.964152060183859
0.963372993471624
0.963000741579911
0.962371753397309
0.961644158725462
0.961217189368220
0.960394040487571
0.960012274866010
0.959207563482159
0.958837484448400
0.958313529432970
0.957450368095683
0.957133083569024
0.956315423485803
0.955929755116850
0.955472500456273
0.954601812637651
0.954317253820395
0.953510734917092
0.953219382295147
0.952727274526854
0.952163564699090
0.951378393381580
0.951112216910856
0.950621128806529
0.950089068369636
0.949343788099492
0.948818475204896
0.948478902109162
0.947895114835129
0.947298454745265
0.947066528743352
0.946521200362800
0.945817383411378
0.945224379730235
0.944987525476658
0.944398687293926
0.943737452718387
0.943136495220951
0.942973503303106
0.942489967659909
0.941775081012470
0.941236991421279
0.941163232758372
0.940747655027038
0.940048874054350
0.939782767206104
0.939212248797870
0.938945795858964
0.938483297587319
0.937940636989615
0.937768057320979
0.937158064487155
0.936952982579801
0.936387647159762
0.936142259684372
0.935629971716232
0.935344146302942
0.934812060664868
0.934399787778873
0.934318743759831
0.933684953748538
0.933528278638390
0.932904706418083
0.932823779374590
0.932223900168985
0.932025305934311
0.931459939421816
0.931256748918425
0.930759735774005
0.930561840792021
0.930042907166295
0.929827083375469
0.929329288738083
0.929168722945548
0.928714267583439
0.928245327745391
0.928298909146535
0.928005431497856
0.927451579285012
0.927341792346175
0.926966278430665
0.926690813475383
0.926143586969222
0.926046568161406
0.925692096939368
0.925384129748349
0.924876068322948
0.924738601464133
0.924446900250947
0.923899399857021
0.923787797219551
0.923507055519835
0.922945855487455
0.922882436526471
0.922549387533775
0.922042785740972
0.921973283658130
0.921628299775247
0.921129929543261
0.921025114320938
0.920776592874703
0.920463997524447
0.919956063530905
0.919852232341596
0.919577443562586
0.919079728910121
0.918956691198912
0.918503145767684
0.918395891769303
0.918109281440063
0.917818244173098
0.917372604698743
0.917257046087459
0.916985439558600
0.916694032703900
0.916484605737966
0.915980974406582
0.915851473199807
0.915648846341192
0.915176647332317
0.915045596203519
0.914813157823336
0.914391550199997
0.914258283957872
0.913988750492136
0.913775873895521
0.913341954723501
0.913189419942326
0.912996472473552
0.912558223822425
0.912421951441171
0.912198802919566
0.911996120161588
0.911484246934932
0.911440937181780
0.911181875708192
0.910968957696234
0.910747941749368
0.910464972157914
0.910116789031872
0.909969738186857
0.909573566923894
0.909284627236115
0.909184168416770
0.908981598831165
0.908724827402958
0.908559498840783
0.908281123703346
0.907882098271736
0.907807729918695
0.907395531935505
0.907350516108119
0.906845587488517
0.906882232293743
0.906615012921982
0.906261378158513
0.906157275508117
0.905714307534215
0.905684866664276
0.905273781782360
0.905234797876640
0.904734381388698
0.904767456301117
0.904482897727037
0.904094981131844
0.903923790480485
0.903610952386618
0.903479105815244
0.903101716908577
0.902958746279222
0.902624659818445
0.902539204977852
0.902249344585334
0.901962540775193
0.901840495383133
0.901503416018051
0.901408522636635
0.901178254377232
0.901011570970193
0.900744845391531
0.900687071362976
0.900266000485879
0.900274672762348
0.899866385072687
0.899888952393537
0.899509973530826
0.899445483225812
0.899095940811100
0.899114252908959
0.898677036371717
0.898706614265058
0.898302895058528
0.898294716568799
0.897978219803895
0.897866399848715
0.897720311185433
0.897408310429542
0.897320142260223
0.897034367084143
0.896914386076443
0.896662473842199
0.896596541831141
0.896248458972764
0.896241898375316
0.895856886342901
0.895861944017474
0.895473309298306
0.895398768783364
0.895105731997240
0.895049547673603
0.894740709351551
0.894694548344259
0.894350773251347
0.894209951270177
0.893838593243731
0.893664571580574
0.893378816249231
0.893246697682968
0.892933801168907
0.892782051323956
0.892474908873760
0.892439830567834
0.892016320354580
0.892016482555888
0.891639892069317
0.891598057108950
0.891190917321212
0.891203460692913
0.890863449454994
0.890783585318027
0.890423297432861
0.890412118310477
0.890062371122216
0.889995897070773
0.889657982550483
0.889472019003957
0.889411791811157
0.889130876839727
0.889020881149530
0.888751006328140
0.888635061090073
0.888381849203004
0.888267880210112
0.888003704687009
0.887925007307037
0.887589433619598
0.887557061767977
0.887264235546007
0.887019332135344
0.887031712162566
0.886666086967811
0.886656079091819
0.886323368115074
0.886303017344979
0.885998860465143
0.885843187752956
0.885643568836597
0.885399600940638
0.885381597353216
0.885050427252814
0.885032350258892
0.884744257793398
0.884599942618590
0.884369599898194
0.884243439262769
0.883986724108489
0.883762798006477
0.883755527836170
0.883449686482244
0.883337326680341
0.883074407937340
0.882939377743854
0.882701196223327
0.882440686467935
0.882429879266729
0.882103224540470
0.882032051581212
0.881742011049662
0.881553162314715
0.881525517399161
0.881183331753921
0.881136439076846
0.880816411821508
0.880764700180968
0.880455240230079
0.880284606005010
0.880207094022539
0.879928636089769
0.879848304761484
0.879594484318287
0.879491685163891
0.879218458489159
0.879128122395961
0.878853238699113
0.878768107552501
0.878474925540573
0.878429088989608
0.878196119505978
0.878031699601296
0.877860287987438
0.877719222500985
0.877467743700992
0.877359420700986
0.877138784110802
0.877061592884792
0.876793123411920
0.876701333727309
0.876521538282832
0.876443794569485
0.876209082175602
0.876115007889603
0.875894283003338
0.875855053575155
0.875614062752173
0.875602873081897
0.875294270338185
0.875276147556347
0.875005423801818
0.874974564961221
0.874717452535745
0.874665318766575
0.874452531392367
0.874362629622996
0.874156957039664
0.874081011566220
0.873877576665776
0.873767268487768
0.873539333844391
0.873542847243820
0.873280610536887
0.873249798999876
0.872990107247029
0.872952016053893
0.872682050541227
0.872602895282589
0.872423544692088
0.872329876690744
0.872146018517964
0.872012599475743
0.871780707618501
0.871779164499854
0.871492060863222
0.871436488671368
0.871273065056187
0.871105383579443
0.870959698346765
0.870758190174384
0.870709649019863
0.870471198089170
0.870424695554897
0.870159775863907
0.870225811292306
0.869865847409999
0.869818983404681
0.869515859024143
0.869465471319588
0.869294111786321
0.869151780648768
0.868860788061364
0.868653529868723
0.868467154694010
0.868447238545076
0.868207403232155
0.868088635508737
0.867929261985320
0.867877470251131
0.867641846920608
0.867577836360968
0.867356734193330
0.867292932325622
0.867093451998228
0.867059206048334
0.866755930065248
0.866787460290521
0.866528532211091
0.866472628045446
0.866141289574961
0.866197622924140
0.865930563423001
0.865913792100710
0.865572831908693
0.865504114537266
0.865468045155520
0.865235356909616
0.865185513988127
0.864945840075671
0.864895978222321
0.864688256239663
0.864633684893060
0.864414441178809
0.864403629570824
0.864211128670754
0.864158715532674
0.863877150407619
0.863897593910132
0.863665554434111
0.863653617451401
0.863412443210740
0.863418161325222
0.863070621493004
0.863175559115102
0.862908927126700
0.862891520862271
0.862660689111312
0.862634905820495
0.862385937118832
0.862389818917998
0.862147932351148
0.862175215238138
0.861912941483065
0.861854614125620
0.861598538140093
0.861673316368504
0.861407308590732
0.861440036431879
0.861182965134443
0.861106511880845
0.860861676988430
0.860927906827827
0.860633058120113
0.860655225395053
0.860410712832144
0.860380333636055
0.860177814631697
0.860176853965612
0.859956249072464
0.859874651624275
0.859722754917490
0.859685690557822
0.859508955812415
0.859513796009967
0.859198728065399
0.859260097558853
0.859054201186654
0.858998277500999
0.858781489414796
0.858784468988828
0.858579212201651
0.858589007025033
0.858301881003952
0.858267128890110
0.858227852570884
0.858015709343483
0.858003730702084
0.857761702592204
0.857773779252921
0.857638616994121
0.857601363271050
0.857318522756451
0.857366507067813
0.857182123833344
0.857087573309100
0.856937002853445
0.856950331717816
0.856713846237720
0.856697638880126
0.856442093625440
0.856447563238637
0.856255091041913
0.856223996887712
0.855933438310642
0.856052718084913
0.855836292210901
0.855821408546735
0.855558258679037
0.855593250098803
0.855391681677385
0.855312729593458
0.855163791372234
0.855175987190882
0.854980996685789
0.854938477048421
0.854831063832946
0.854756593590033
0.854502133270477
0.854514962335208
0.854307542387073
0.854215384251854
0.854192007852145
0.853968242901060
0.853992977255203
0.853840537540262
0.853787419898379
0.853639711533908
0.853475359123551
0.853413370395552
0.853363205013955
0.853096004893451
0.853169166623495
0.852950089877769
0.852928296800045
0.852656270430526
0.852712471863612
0.852502095183369
0.852481402791099
0.852331028734122
0.852382933224545
0.852115473403406
0.852065512558575
0.851963961796720
0.851825906310156
0.851725810127143
0.851704217867260
0.851442290733603
0.851387056626143
0.851287831601746
0.851208950266993
0.851199391547401
0.850917622670381
0.850962255829842
0.850703013295306
0.850766443710967
0.850597093331774
0.850557763513297
0.850438772427466
0.850341565026563
0.850208868173323
0.850204592551282
0.849900845991686
0.849980202474606
0.849722056581315
0.849796944025206
0.849639397035478
0.849520538297943
0.849381984659353
0.849331215477125
0.849202451017821
0.849070657045928
0.849073384270034
0.848912926371263
0.848853361260853
0.848701072912363
0.848716899770733
0.848540304916165
0.848507788335869
0.848393368414468
0.848271397873072
0.848186975818985
0.848089631644266
0.848001757066580
0.847967069899057
0.847782237159387
0.847814857875740
0.847564800625278
0.847585301131786
0.847590618939002
0.847374716434090
0.847419930372142
0.847167437115860
0.847213671303425
0.847056939539109
0.846950295221514
0.846888627330884
0.846803224904737
0.846720239555922
0.846678329528641
0.846511095167385
0.846608833942706
0.846430351641904
0.846377370414489
0.846361272120305
0.846127677170515
0.846197270013326
0.846026083762338
0.845971382923706
0.845815807864856
0.845734692001764
0.845646395036758
0.845587595317115
0.845429774228866
0.845384295987551
0.845211681409086
0.845256876730723
0.845048453289481
0.845068603983559
0.844900291243552
0.844763934625906
0.844802171671039
0.844616040265893
0.844641578248888
0.844470678545906
0.844403474667583
0.844287674474704
0.844304581715477
0.844107488192659
0.844130640630142
0.843943032951254
0.843984614321249
0.843799945251036
0.843787671507350
0.843665264887016
0.843566152517563
0.843390279185971
0.843415467998504
0.843216652147685
0.843267168526333
0.843102612599276
0.843104869097203
0.842916860610843
0.842999063513460
0.842838105471844
0.842837553890762
0.842656474459509
0.842635069429758
0.842564398168668
0.842524229222130
0.842397648780915
0.842443489554989
0.842236419274195
0.842259256499802
0.842119109259217
0.842122058246516
0.841998998268154
0.841936741288462
0.841952302966960
0.841768191112303
0.841855016122864
0.841620694467252
0.841668161850231
0.841516602399992
0.841538420948033
0.841377931368661
0.841413893037482
0.841266279422512
0.841207591765917
0.841116195557524
0.841101771146084
0.840954289279745
0.841044418954566
0.840810936754057
0.840854048995947
0.840714034386175
0.840628260645408
0.840622345728832
0.840564929220597
0.840552186302890
0.840354546431116
0.840465364044903
0.840231620279527
0.840267609756505
