0.279514
0.259232
0.252579
0.250407
0.249659
0.249378
0.249256
0.24919
0.249144
0.249105
0.24907
0.249036
0.249002
0.248968
0.248934
0.2489
0.248865
0.248831
0.248796
0.248761
0.248725
0.24869
0.248654
0.248618
0.248581
0.248544
0.248507
0.24847
0.248432
0.248393
0.248355
0.248316
0.248276
0.248237
0.248197
0.248156
0.248115
0.248074
0.248033
0.247991
0.247948
0.247905
0.247862
0.247818
0.247774
0.247729
0.247684
0.247638
0.247592
0.247545
0.247498
0.24745
0.247401
0.247352
0.247303
0.247252
0.247201
0.24715
0.247097
0.247044
0.24699
0.246936
0.246881
0.246825
0.246768
0.246711
0.246652
0.246593
0.246533
0.246472
0.246411
0.246348
0.246285
0.24622
0.246155
0.246089
0.246022
0.245954
0.245884
0.245814
0.245742
0.24567
0.245596
0.245521
0.245445
0.245368
0.24529
0.24521
0.245129
0.245047
0.244963
0.244878
0.244792
0.244703
0.244614
0.244523
0.24443
0.244336
0.24424
0.244142
0.244043
0.243942
0.243839
0.243735
0.243628
0.24352
0.24341
0.243297
0.243183
0.243066
0.242947
0.242826
0.242703
0.242577
0.242449
0.242318
0.242185
0.242049
0.24191
0.241769
0.241625
0.241477
0.241327
0.241174
0.241018
0.240859
0.240696
0.240531
0.240362
0.240189
0.240013
0.239833
0.23965
0.239463
0.239271
0.239076
0.238876
0.238672
0.238463
0.23825
0.238032
0.237809
0.237582
0.237349
0.23711
0.236866
0.236617
0.236361
0.2361
0.235833
0.23556
0.23528
0.234993
0.2347
0.2344
0.234093
0.23378
0.233459
0.23313
0.232793
0.232449
0.232097
0.231736
0.231365
0.230987
0.230598
0.2302
0.229792
0.229374
0.228944
0.228504
0.228052
0.227589
0.227113
0.226626
0.226126
0.225613
0.225085
0.224544
0.22399
0.223421
0.222836
0.222236
0.221621
0.220989
0.220342
0.219679
0.218998
0.218301
0.217585
0.216853
0.216103
0.215337
0.214551
0.213744
0.212916
0.212067
0.211199
0.210308
0.209397
0.208465
0.207509
0.206531
0.205528
0.204503
0.203454
0.202381
0.201281
0.20016
0.199015
0.197845
0.196647
0.195425
0.194174
0.192897
0.19159
0.19026
0.188905
0.187524
0.186114
0.184681
0.183223
0.181742
0.180234
0.178703
0.177143
0.175561
0.173961
0.172343
0.170705
0.169046
0.16737
0.165673
0.163959
0.162233
0.160498
0.158747
0.15699
0.155226
0.153453
0.151675
0.149888
0.148111
0.146337
0.144569
0.142805
0.14105
0.139299
0.137555
0.135814
0.134084
0.132367
0.130671
0.128986
0.127321
0.125677
0.124051
0.122435
0.120838
0.119268
0.117712
0.116172
0.114651
0.113162
0.111705
0.11027
0.10886
0.107476
0.106117
0.104774
0.103458
0.102167
0.100903
0.099664
0.0984437
0.0972501
0.0960747
0.0949262
0.0938001
0.0926902
0.091606
0.0905377
0.0894902
0.0884623
0.0874556
0.0864698
0.0855043
0.0845631
0.0836404
0.0827374
0.0818547
0.0809894
0.0801385
0.079305
0.0784883
0.0776912
0.0769036
0.0761314
0.0753759
0.0746355
0.073907
0.0731935
0.0724945
0.0718094
0.0711381
0.0704795
0.0698323
0.0691972
0.0685755
0.0679613
0.0673588
0.0667697
0.0661901
0.0656222
0.0650643
0.0645161
0.0639788
0.0634523
0.0629352
0.0624263
0.0619228
0.061425
0.0609371
0.060459
0.0599915
0.0595315
0.059079
0.0586363
0.0582003
0.0577701
0.0573482
0.0569335
0.0565245
0.0561206
0.0557242
0.0553342
0.0549502
0.0545703
0.0541959
0.0538274
0.0534643
0.0531059
0.0527519
0.0524027
0.0520601
0.0517226
0.0513892
0.0510597
0.0507341
0.050413
0.0500971
0.0497862
0.0494792
0.0491753
0.0488756
0.0485809
0.0482871
0.0479957
0.0477094
0.0474272
0.0471498
0.0468761
0.0466053
0.0463385
0.0460748
0.0458141
0.0455568
0.0453031
0.0450529
0.0448055
0.0445617
0.04432
0.0440825
0.0438459
0.0436138
0.0433837
0.0431565
0.0429312
0.0427098
0.0424904
0.0422745
0.0420601
0.0418488
0.0416377
0.0414312
0.0412256
0.0410236
0.0408233
0.0406247
0.0404291
0.0402348
0.0400437
0.0398543
0.0396661
0.0394818
0.0392988
0.039117
0.0389375
0.0387595
0.0385831
0.0384093
0.0382364
0.038066
0.0378963
0.0377296
0.0375641
0.0373996
0.0372378
0.0370774
0.0369184
0.0367604
0.0366052
0.0364507
0.0362975
0.0361439
0.0359929
0.0358427
0.0356942
0.0355475
0.0354027
0.0352588
0.0351162
0.0349755
0.0348352
0.0346969
0.0345596
0.0344238
0.034289
0.0341558
0.0340236
0.0338915
0.0337615
0.0336318
0.033504
0.0333773
0.0332517
0.0331276
0.0330046
0.0328827
0.0327604
0.0326409
0.0325221
0.0324045
0.0322881
0.0321727
0.0320587
0.0319448
0.0318325
0.0317201
0.031608
0.0314975
0.0313877
0.0312787
0.0311706
0.0310636
0.0309573
0.0308517
0.0307468
0.0306433
0.0305402
0.030438
0.0303369
0.0302365
0.0301368
0.0300377
0.0299393
0.0298418
0.0297448
0.029649
0.0295531
0.0294588
0.0293643
0.0292709
0.0291788
0.0290862
0.028995
0.0289041
0.0288144
0.0287256
0.0286371
0.028548
0.0284609
0.0283742
0.0282875
0.0282015
0.0281167
0.0280328
0.0279487
0.0278653
0.0277824
0.0277005
0.0276185
0.0275381
0.0274575
0.027378
0.0272986
0.0272204
0.027142
0.0270648
0.0269874
0.0269107
0.0268341
0.0267587
0.0266829
0.0266087
0.0265344
0.0264606
0.0263873
0.0263138
0.0262414
0.0261695
0.026098
0.0260279
0.0259569
0.0258876
0.0258178
0.0257491
0.0256803
0.0256125
0.0255445
0.0254773
0.0254097
0.0253435
0.0252767
0.0252115
0.0251453
0.0250809
0.0250159
0.0249519
0.024888
0.0248241
0.0247613
0.0246983
0.0246359
0.0245736
0.0245134
0.0244516
0.0243915
0.0243305
0.0242707
0.0242114
0.0241519
0.0240926
0.0240338
0.0239754
0.0239179
0.02386
0.0238033
0.0237462
0.0236901
0.0236337
0.023577
0.023522
0.0234665
0.0234116
0.0233569
0.0233021
0.0232482
0.0231936
0.023141
0.0230879
0.0230346
0.0229825
0.0229299
0.0228783
0.022827
0.0227757
0.022725
0.0226739
0.0226239
0.0225738
0.0225238
0.0224744
0.0224253
0.0223758
0.0223268
0.0222778
0.02223
0.0221817
0.0221337
0.022086
0.0220382
0.0219908
0.0219446
0.0218976
0.0218512
0.0218049
0.0217581
0.021713
0.0216673
0.0216223
0.0215771
0.0215328
0.0214872
0.0214441
0.0213991
0.0213548
0.0213113
0.0212665
0.0212244
0.0211811
0.0211371
0.0210949
0.0210517
0.0210103
0.0209677
0.0209249
0.020884
0.0208416
0.0207998
0.0207594
0.0207186
0.0206763
0.0206372
0.0205968
0.0205553
0.0205166
0.0204748
0.0204378
0.0203972
0.0203586
0.0203184
0.0202798
0.0202394
0.0202023
0.0201639
0.0201247
0.0200868
0.0200496
0.0200123
0.0199749
0.0199379
0.019899
0.0198644
0.0198265
0.0197916
0.0197532
0.019718
0.0196826
0.019645
0.0196088
0.0195742
0.0195369
0.0195006
0.0194647
0.0194309
0.0193944
0.0193592
0.0193233
0.0192889
0.0192558
0.0192202
0.0191838
0.0191527
0.0191174
0.0190837
0.0190487
0.0190147
0.0189829
0.018949
0.0189145
0.0188819
0.0188494
0.0188176
0.0187827
0.0187505
0.0187199
0.0186864
0.0186528
0.0186218
0.0185873
0.0185583
0.0185257
0.018492
0.0184609
0.018431
0.0183979
0.0183676
0.0183348
0.018306
0.0182734
0.0182438
0.0182124
0.0181805
0.0181522
0.0181208
0.0180894
0.0180592
0.018032
0.0180017
0.017971
0.0179429
0.0179123
0.0178833
0.0178554
0.017825
0.0177963
0.0177648
0.0177398
0.0177096
0.0176808
0.0176542
0.0176243
0.0175967
0.0175707
0.0175407
0.0175122
0.0174871
0.0174566
0.0174305
0.0174014
0.0173773
0.0173477
0.0173213
0.0172952
0.0172665
0.01724
0.0172162
0.0171872
0.0171611
0.0171359
0.0171077
0.0170817
0.0170541
0.0170309
0.0170038
0.0169779
0.0169533
0.0169265
0.0169004
0.0168772
0.0168491
0.0168249
0.0168018
0.0167749
0.016749
0.0167243
0.0167012
0.0166753
0.0166503
0.016628
0.0166014
0.016576
0.0165548
0.0165285
0.016504
0.016483
0.0164551
0.016432
0.0164105
0.0163839
0.0163608
0.0163362
0.0163148
0.016288
0.0162654
0.016245
0.0162191
0.0161964
0.0161756
0.01615
0.0161268
0.0161071
0.0160823
0.0160597
0.0160396
0.0160151
0.0159917
0.0159714
0.0159474
0.0159257
0.0159045
0.0158816
0.0158593
0.0158389
0.0158155
0.0157946
0.0157742
0.0157513
0.0157295
0.0157086
0.0156881
0.0156656
0.0156446
0.0156254
0.0156022
0.0155816
0.0155629
0.0155393
0.015519
0.0155006
0.0154787
0.0154576
0.0154394
0.0154175
0.0153959
0.0153785
0.0153563
0.0153362
0.0153183
0.0152968
0.0152762
0.0152588
0.0152382
0.0152188
0.0152007
0.015181
0.0151607
0.0151442
0.0151236
0.0151047
0.0150882
0.0150665
0.0150479
0.0150317
0.015011
0.0149925
0.0149751
0.0149551
0.0149362
0.0149199
0.0148997
0.0148805
0.0148643
0.0148443
0.0148286
0.0148076
0.0147896
0.0147734
0.0147535
0.0147356
0.0147184
0.014699
0.0146812
0.0146652
0.0146455
0.0146286
0.0146092
0.0145915
0.0145761
0.014555
0.0145374
0.0145228
0.0145027
0.0144881
0.0144681
0.0144503
0.0144356
0.0144161
0.0144016
0.0143814
0.0143646
0.0143498
0.0143307
0.0143169
0.0142965
0.0142806
0.0142663
0.0142474
0.0142309
0.0142154
0.0141977
0.0141833
0.014165
0.0141511
0.0141317
0.0141159
0.0141009
0.0140818
0.0140684
0.0140486
0.0140323
0.0140177
0.0139994
0.013984
0.013965
0.01395
0.0139359
0.0139166
0.0139025
0.0138849
0.0138679
0.0138537
0.0138354
0.0138227
0.0138033
0.0137878
0.013774
0.0137564
0.0137417
0.0137236
0.0137078
0.013695
0.0136764
0.013663
0.0136462
0.0136295
0.0136167
0.0135994
0.0135867
0.0135682
0.0135528
0.0135408
0.0135225
0.0135097
0.0134927
0.0134803
0.0134623
0.0134479
0.0134358
0.0134163
0.0134056
0.0133876
0.0133747
0.0133596
0.0133449
0.013332
0.013315
0.0133012
0.0132895
0.0132714
0.0132611
0.0132429
0.0132311
0.0132166
0.0132007
0.0131905
0.0131723
0.013162
0.0131445
0.0131351
0.0131169
0.0131041
0.013092
0.0130754
0.0130652
0.0130489
0.0130382
0.0130212
0.0130103
0.0129942
0.0129823
0.012968
0.0129542
0.0129425
0.0129284
0.0129156
0.0129027
0.0128906
0.0128774
0.0128654
0.0128501
0.0128385
0.0128271
0.012813
0.0128015
0.0127865
0.0127773
0.0127614
0.0127524
0.0127362
0.0127273
0.01271
0.0127018
0.0126857
0.0126764
0.0126607
0.0126517
0.012635
0.0126253
0.0126119
0.0126003
0.012587
0.0125756
0.0125617
0.0125504
0.0125371
0.0125255
0.0125126
0.0125001
0.0124865
0.0124774
0.0124619
0.0124533
0.0124368
0.0124291
0.0124152
0.0124012
0.0123924
0.0123771
0.0123683
0.0123526
0.0123443
0.0123285
0.0123206
0.0123048
0.012295
0.0122824
0.0122718
0.0122584
0.0122482
0.0122349
0.0122248
0.0122125
0.0122006
0.0121899
0.0121766
0.0121669
0.0121541
0.012144
0.0121296
0.0121214
0.012107
0.0120985
0.0120868
0.0120736
0.0120641
0.01205
0.0120425
0.0120278
0.0120193
0.012005
0.0119973
0.0119852
0.0119712
0.0119641
0.0119495
0.0119417
0.0119272
0.0119179
0.0119089
0.0118933
0.0118873
0.0118719
0.0118653
0.0118524
0.0118396
0.0118326
0.0118171
0.0118113
0.011798
0.0117856
0.0117779
0.0117651
0.0117553
0.0117462
0.0117319
0.0117232
0.0117121
0.0117027
0.011692
0.0116788
0.0116719
0.0116579
0.0116513
0.0116408
0.0116268
0.0116182
0.0116077
0.0115982
0.0115877
0.0115743
0.0115686
0.011554
0.0115481
0.0115356
0.0115249
0.0115155
0.0115077
0.0114932
0.0114865
0.011473
0.0114674
0.0114536
0.0114458
0.0114355
0.011427
0.0114139
0.0114053
0.0113953
0.0113877
0.0113735
0.0113665
0.0113551
0.0113454
0.0113364
0.0113246
0.0113191
0.011305
0.0112977
0.0112877
0.0112781
0.011266
0.0112606
0.0112469
0.011238
0.0112301
0.0112191
0.0112085
0.0112017
0.0111891
0.0111837
0.0111702
0.0111618
0.0111537
0.0111429
0.0111321
0.011126
0.0111136
0.0111036
0.0110982
0.0110866
0.0110783
0.0110672
0.0110585
0.0110522
0.0110389
0.0110298
0.0110243
0.0110126
0.011005
0.0109928
0.0109853
0.010977
0.0109669
0.0109592
0.0109496
0.0109383
0.0109334
0.0109213
0.0109142
0.0109051
0.0108949
0.010888
0.0108762
0.0108716
0.0108586
0.0108505
0.0108439
0.0108336
0.0108262
0.0108161
0.010806
0.0107999
0.01079
0.0107837
0.0107711
0.0107631
0.0107582
0.0107444
0.0107412
0.0107278
0.0107224
0.0107131
0.0107038
0.0106974
0.010685
0.0106813
0.0106687
0.0106644
0.0106534
0.0106434
0.0106375
0.0106278
0.0106209
0.010611
0.0106043
0.0105935
0.0105869
0.0105805
0.0105689
0.0105619
0.0105528
0.0105462
0.010537
0.0105308
0.0105189
0.0105109
0.0105057
0.0104942
0.0104896
0.010478
0.0104727
0.0104629
0.0104561
0.0104469
0.0104387
0.0104312
0.0104212
0.0104169
0.0104043
0.0104011
0.0103891
0.0103841
0.0103739
0.0103679
0.0103589
0.0103511
0.0103434
0.0103333
0.0103285
0.0103191
0.0103143
0.0103019
0.0102979
0.010287
0.0102805
0.010273
0.0102648
0.0102573
0.01025
0.0102409
0.0102358
0.0102252
0.0102214
0.0102108
0.0102046
0.0101947
0.0101912
0.010179
0.010173
0.0101661
0.0101574
0.0101512
0.0101415
0.0101385
0.0101258
0.0101228
0.0101112
0.0101081
0.0100971
0.0100914
0.0100842
0.0100764
0.0100688
0.0100631
0.0100531
0.0100472
0.0100385
0.0100335
0.010023
0.0100201
0.0100103
0.0100037
0.00999405
0.00999031
0.00997939
0.00997483
0.00996672
0.00996192
0.0099513
0.009947
0.00993735
0.00993162
0.00992364
0.00992005
0.00990962
0.00990605
0.00989702
0.00989041
0.00988197
0.00987789
0.00986941
0.00986349
0.00985839
0.00984758
0.00984566
0.00983558
0.00983185
0.00982143
0.00981713
0.00980913
0.00980587
0.00979415
0.00979154
0.0097831
0.00977797
0.00977202
0.00976239
0.00975933
0.00975011
0.00974649
0.00973628
0.00973295
0.00972627
0.00971656
0.00971494
0.00970575
0.00970001
0.00969096
0.00968842
0.00968028
0.00967266
0.00966789
0.00966063
0.00965434
0.00964985
0.00964039
0.00963813
0.00962775
0.00962449
0.0096182
0.00961032
0.00960535
0.00959695
0.00959347
0.00958817
0.00958016
0.00957382
0.00956588
0.00956276
0.00955681
0.00954718
0.00954388
0.00953668
0.0095276
0.00952341
0.00951638
0.0095122
0.00950617
0.00949682
0.00949225
0.00948615
0.00947855
0.00947366
0.00946873
0.00946051
0.00945454
0.0094442
0.00944252
0.00943567
0.00942902
0.00942588
0.00941538
0.00940744
0.00940594
0.0093989
0.00939281
0.00938981
0.0093778
0.00937153
0.00936955
0.00936359
0.00935491
0.00934757
0.00934496
0.00933612
0.00933175
0.00932583
0.00931679
0.00931363
0.0093077
0.00929949
0.00929574
0.00928732
0.00927966
0.00927623
0.00926996
0.00926279
0.00925819
0.00925441
0.00924337
0.00924169
0.00923542
0.00922567
0.00922058
0.00921702
0.00920812
0.00920401
0.00920111
0.00919144
0.00918763
0.00918086
0.00917679
0.00916835
0.00916331
0.009155
0.00915335
0.00914763
0.00913827
0.00913493
0.00913088
0.00912373
0.00911833
0.0091109
0.0091072
0.00909751
0.00909601
0.00909049
0.00908098
0.00907776
0.00907444
0.00906387
0.00906354
0.00905243
0.00904588
0.00904498
0.00903885
0.00903055
0.00902609
0.00902378
0.00901693
0.00900816
0.00900634
0.00899747
0.00899002
0.00898875
0.00898343
0.00897452
0.00897145
0.00896762
0.00895831
0.00895782
0.00894886
0.00894045
0.00893742
0.00893457
0.00892477
0.00892402
0.00891724
0.00891062
0.00890659
0.00890343
0.00889343
0.00888767
0.00888486
0.00887888
0.0088744
0.00886955
0.00886362
0.00885746
0.00885323
0.00884817
0.00883982
0.00883513
0.00883272
0.00882434
0.00882038
0.00881615
0.00881269
0.00880268
0.00880236
0.00879708
0.00878601
0.00878312
0.00878067
0.00877146
0.00877063
0.0087637
0.00875754
0.00875511
0.00874576
0.00874207
0.0087382
0.0087323
0.00872829
0.00872162
0.00871634
0.00871493
0.00870488
0.00870321
0.00869881
0.00868884
0.00868736
0.00868323
0.00867493
0.00867232
0.00866658
0.00866254
0.00865519
0.00865202
0.0086464
0.00863917
0.00863842
0.0086331
0.0086235
0.00862266
0.00861695
0.00861138
0.00860656
0.00860107
0.00859981
0.00858908
0.0085887
0.00858119
0.00857691
0.00857232
0.00856747
0.00856493
0.00855563
0.0085551
0.00854732
0.00854407
0.00853489
0.00853346
0.00852697
0.00852167
0.00851861
0.00851424
0.00850812
0.0085037
0.00850131
0.00849362
0.00848981
0.00848428
0.00848213
0.00847276
0.00847132
0.00846688
0.0084616
0.00845569
0.00845191
0.00844862
0.00843996
0.00843887
0.00843368
0.00842886
0.00842092
0.00841915
0.00841547
0.00840975
0.00840373
0.00840007
0.0083963
0.00838715
0.00838695
0.00838055
0.00837657
0.00837037
0.0083668
0.00836186
0.00835973
0.0083527
0.00834761
0.00834595
0.00833748
0.00833412
0.0083292
0.00832543
0.00831893
0.00831588
0.00831082
0.00830851
0.00829932
0.00829938
0.00829262
0.00829038
0.00828181
0.00828021
0.0082747
0.00827095
0.00826454
0.00826052
0.00825873
0.00825116
0.0082467
0.00824336
0.00823958
0.00823693
0.00822712
0.00822801
0.0082201
0.00821918
0.008209
0.00820984
0.00820336
0.00820071
0.00819171
0.00819067
0.00818604
0.00818168
0.00817482
0.00817387
0.00816787
0.00816536
0.00815645
0.00815692
0.00814996
0.00814814
0.00813925
0.00813821
0.00813288
0.00812983
0.00812429
0.0081194
0.00811575
0.00811148
0.00810817
0.00810106
0.00809897
0.00809573
0.00809053
0.00808534
0.00808052
0.00807805
0.00807269
0.00806726
0.00806784
0.00806062
0.00805972
0.00805353
0.00805255
0.00804662
0.00804329
0.00803889
0.00803469
0.0080344
0.00802707
0.00802727
0.00802025
0.00801905
0.00801404
0.00800905
0.00800894
0.0080029
0.00800163
0.00799263
0.00799264
0.00798929
0.00798347
0.0079823
0.0079758
0.00797363
0.00796992
0.00796595
0.0079626
0.00795878
0.0079552
0.00795049
0.00794904
0.00794329
0.00794064
0.00793471
0.00793141
0.00793
0.00792405
0.00792151
0.00791669
0.00791264
0.00791129
0.00790505
0.00790197
0.00789958
0.00789383
0.00789076
0.00788857
0.00788363
0.00788092
0.00787545
0.00787176
0.00786791
0.00786488
0.00786037
0.00785799
0.0078521
0.00784824
0.00784711
0.00784216
0.00783729
0.00783573
0.00782995
0.00782634
0.00782584
0.00781949
0.00781556
0.00781441
0.00780808
0.00780508
0.00780346
0.007795
0.00779398
0.00779197
0.0077858
0.007782
0.00777936
0.00777503
0.00777275
0.00776687
0.00776373
0.00776096
0.00775624
0.00775439
0.00774922
0.00774485
0.00774003
0.007739
0.00773263
0.00773156
0.00772576
0.00772178
0.00771824
0.00771196
0.00770804
0.00770855
0.0077052
0.00770224
0.00769742
0.00769914
0.00769501
0.00769474
0.00768901
0.0076895
0.00768316
0.00767974
0.00767677
0.00767783
0.00767548
0.00767045
0.00766948
0.00766698
0.00766624
0.00766305
0.00766134
0.00765455
0.00765259
0.00765333
0.00765066
0.00764872
0.00764571
0.00764386
0.00764313
0.00763544
0.00763215
0.00763405
0.00763023
0.00763061
0.00762729
0.0076259
0.00762347
0.00761653
0.00762034
0.0076148
0.0076166
0.00761102
0.00761044
0.00761099
0.00760451
0.00760786
0.00760403
0.00760214
0.00759676
0.0075967
0.00759419
0.0075896
0.00759276
0.00758929
0.00758766
0.00758373
0.00758663
0.00758152
0.00757996
0.00757694
0.00757359
0.00757667
0.00756886
0.00757377
0.00756899
0.00756592
0.00756734
0.00756557
0.00756145
0.00755873
0.00755673
0.00755476
0.00755696
0.00755133
0.00755076
0.00755072
0.00754917
0.00754927
0.00754311
0.00754274
0.00754335
0.00754371
0.00753803
0.00753834
0.0075374
0.00753607
0.00753274
0.00752932
0.00752945
0.0075278
0.00752213
0.00752624
0.00752648
0.0075209
0.00752118
0.00752065
0.00751999
0.00751615
0.00751076
0.00751479
0.00751183
0.00750624
0.00751034
0.0075105
0.00750532
0.00750557
0.00750301
0.00750517
0.00749785
0.00750208
0.00750043
0.00749749
0.00749663
0.00749681
0.00749572
0.00748999
0.00748998
0.00748886
0.00748783
0.0074831
0.00748857
0.00748037
0.00748596
0.00748287
0.00747829
0.00748131
0.00747643
0.00747779
0.00747709
0.00747584
0.0074723
0.00747409
0.00747229
0.00746672
0.00747094
0.00747143
0.00746399
0.00746888
0.00746477
0.0074636
0.00746301
0.00746272
0.00746021
0.00746004
0.00745902
0.00745609
0.00745594
0.00744994
0.00744805
0.0074468
0.00744144
0.00744178
0.00743485
0.00743588
0.00743095
0.00742407
0.00742298
0.00741732
0.00741416
0.00741181
0.00740872
0.00740497
0.00740555
0.00739898
0.00739833
0.00739522
0.00739083
0.00738929
0.00738587
0.00738488
0.00737698
0.00737993
0.00737137
0.00737418
0.00736308
0.00736394
0.00736018
0.00735373
0.00735522
0.0073482
0.00735003
0.00734266
0.00734268
0.00733762
0.00733889
0.0073331
0.00732924
0.00732812
0.00732398
0.00732516
0.00731663
0.00731945
0.00731163
0.00731398
0.00730548
0.00730202
0.0072962
0.00729965
0.00729109
0.00729455
0.00728576
0.00728927
0.00728085
0.00728426
0.00727652
0.00727838
0.00727156
0.00727313
0.00726393
0.00726815
0.00726283
0.00726003
0.00725424
0.00725613
0.00724884
0.00725002
0.0072384
0.00724137
0.00723509
0.00723508
0.00723367
0.00722812
0.00722863
0.00722572
0.00722248
0.00722034
0.00721715
0.00721584
0.0072099
0.00721457
0.00720477
0.0072097
0.00720004
0.00720221
0.00719887
0.00719499
0.00719565
0.00718981
0.00718874
0.00718891
0.00718384
0.00718357
0.00718013
0.00717653
0.00717873
0.00717082
0.00716867
0.00716868
0.00715806
0.00716234
0.00715416
0.00715519
0.00715468
0.0071498
0.00714788
0.00714658
0.00714521
0.00714018
0.00714455
0.00713543
0.00713787
0.00713459
0.00713097
0.0071299
0.00712998
0.00712599
0.00712235
0.00712641
0.00711725
0.0071174
0.00711825
0.00711248
0.0071115
0.00710958
0.00711091
0.00710507
0.00710153
0.00710611
0.00709694
0.00709963
0.0070939
0.00709489
0.00709247
0.00708733
0.00708968
0.00708635
0.0070822
0.00708119
0.00707909
0.00708023
0.00707431
0.00707086
0.00707209
0.00707173
0.00706696
0.00706496
0.00706081
0.00706359
0.00706003
0.00705878
0.00705309
0.00705245
0.00705242
0.00705052
0.00704629
0.00704553
0.00704349
0.007042
