8.821392077792648
3.454814811705234
3.330753578382521
3.256769206092803
3.197356393214227
3.145732643864686
3.098814274070710
3.055607375461156
3.012722275964626
2.973535646231444
2.936772094950855
2.901931466429593
2.868836922143119
2.837613975992232
2.807679628224214
2.778942517027301
2.751045974749538
2.724260096058449
2.698270435751908
2.674241309199101
2.651384951860786
2.629819171019684
2.609476997556550
2.590746669648192
2.573270334644412
2.557244988708494
2.541864784545769
2.527333491600056
2.513562586493559
2.500734412254235
2.488716290197604
2.477496519992776
2.466959044352004
2.456858512076926
2.447187423619504
2.438254923667737
2.429883613482121
2.422019786350826
2.414520747959732
2.407709889351275
2.401308644312998
2.395276988018068
2.389519547494831
2.384040851947350
2.378929442930886
2.374054816164941
2.369363925157026
2.364944071076544
2.360621101443144
2.356601001025937
2.352863093435791
2.349350084046182
2.346004267754071
2.342802643669862
2.339718960418580
2.336734843772891
2.333843458477363
2.330997404931180
2.328199345705390
2.325473797246934
2.322812253899993
2.320237089250440
2.317718520369083
2.315251222147552
2.312834330022514
2.310447524505439
2.308100535453789
2.305802743481525
2.303566165988103
2.301378470371520
2.299223327966952
2.297108140839366
2.295016976206719
2.292951908645735
2.290924924749518
2.288931476887061
2.286969416509433
2.285049058698389
2.283170866200708
2.281311037904717
2.279480032651502
2.277670775052487
2.275880223204248
2.274105925810510
2.272351049325181
2.270614618009462
2.268892737761570
2.267181456558878
2.265486124080535
2.263797704561568
2.262108441729770
2.260410975957623
2.258720667058303
2.257024353811023
2.255319839067786
2.253618034005364
2.251917250786820
2.250220726748910
2.248535344969269
2.246830357246177
2.245127494611911
2.243447440101218
2.241759685689817
2.240066197955634
2.238366418093928
2.236666134045678
2.234955806122748
2.233235815808373
2.231506646192840
2.229774463510131
2.228040470458923
2.226299635862007
2.224552890451223
2.222797732666391
2.221027363281391
2.219235719033777
2.217425131905738
2.215618685162021
2.213788985815056
2.211934011496263
2.210052963360423
2.208151102933542
2.206215299916610
2.204243352203221
2.202242827509154
2.200219468225849
2.198167688532417
2.196093540440121
2.193979062998621
2.191828223269238
2.189649847649664
2.187462989535991
2.185152153953958
2.182825761555642
2.180475205430637
2.178061867408944
2.175627471743491
2.173134222308684
2.170578196458812
2.167936412068613
2.165187983674614
2.162370207682722
2.159452818090958
2.156427960696247
2.153342602920557
2.150184614735529
2.146984191431697
2.143713974953016
2.140296763479284
2.136657465571624
2.132759162224470
2.128728685567026
2.124608251926758
2.120323497998430
2.115892025715995
2.111285999212874
2.106492728045248
2.101433414773307
2.095995976548054
2.090321471186658
2.084377750528084
2.078167322662138
2.071640579637510
2.064777248319691
2.057649248881804
2.049838693040632
2.041467724803043
2.032590882754681
2.023176524573657
2.012287731574545
2.000636433284976
1.987825171780058
1.973433802951470
1.957758139883245
1.940823261181049
1.922577650534507
1.901919459558613
1.878592756537276
1.853808685685521
1.827309211807069
1.799431893207295
1.770487575457695
1.740872666922574
1.710552652513968
1.679407133698417
1.647224479491589
1.615708830688486
1.585621791679706
1.557337157484803
1.530247701524613
1.504535808945550
1.478984841897419
1.454797813145221
1.431640444842194
1.410483626433338
1.390986117115385
1.374002763105935
1.359110297441596
1.345596658623018
1.333585923425899
1.322633886342513
1.313001542508668
1.304131659816969
1.296214718205200
1.289084182491032
1.282610183235378
1.276689802258734
1.271055574862832
1.265804144117310
1.260905095768411
1.256143991139046
1.251655742775844
1.247242174334656
1.243099305363449
1.239051244906104
1.235073123075858
1.231337081266623
1.227753356755882
1.224288567458490
1.220903708788488
1.217567464143057
1.214440051919158
1.211307676505905
1.208245109646428
1.205254063218297
1.202293227873896
1.199397567643290
1.196557237331503
1.193772918049357
1.190995932913635
1.188369340786298
1.185719205488426
1.183147341794407
1.180585491210009
1.178080218738094
1.175615664501429
1.173164846651054
1.170875994851049
1.168549350637424
1.166290731017754
1.164070848722643
1.161890338450891
1.159743717534033
1.157630065090269
1.155513601409233
1.153544960549534
1.151533238770809
1.149558523121944
1.147621529164855
1.145708266677299
1.143821653747862
1.141963546947731
1.140111350666811
1.138403978961063
1.136637066379879
1.134900372401639
1.133185985711456
1.131544614205095
1.129315039532565
1.127301525716449
1.125553662902834
1.123951533683173
1.122331036433784
1.120843741425118
1.119289927074144
1.117747069211176
1.116243023675310
1.114749145050977
1.113284021258361
1.111841340817449
1.110393830199176
1.109000738176849
1.107581803592285
1.106165914054917
1.104854374531227
1.103451727368988
1.102051857865894
1.100685099085565
1.099303489692822
1.097956777193119
1.096609456203044
1.095262209212017
1.094055622206440
1.092819847011714
1.091593443335742
1.090403194942030
1.089208697771998
1.088056051919265
1.086873893596028
1.085689101590775
1.084625063866474
1.083505883087546
1.082368587179882
1.081273893197993
1.080169411548176
1.079113972007445
1.078067917702668
1.077047503203066
1.076013983907932
1.075086418698968
1.074121479695975
1.073164513267974
1.072230930564529
1.071185166207600
1.070087667770424
1.069054045097325
1.067958578697361
1.067072426688678
1.065987496139208
1.064897755218893
1.063933914629116
1.062868504476846
1.061889864772039
1.061168764629096
1.060135146879525
1.059242063374028
1.058183890514540
1.057294687446528
1.056405136591434
1.055429635652043
1.054568536976120
1.053726396858168
1.052804801673657
1.051976930641076
1.051129955854401
1.050377984803555
1.049292668293131
1.048969154157324
1.048127077229925
1.047382091237705
1.046562004003746
1.045816203182602
1.045113579059917
1.044346997696260
1.043644977688164
1.042972960219103
1.041991098147742
1.041748558257884
1.040992696466045
1.040321617052219
1.039576284739445
1.038885511136796
1.038289679165038
1.037557602992921
1.036916458611773
1.036123567230698
1.035861087253958
1.035199709478647
1.034607569148948
1.033925065895967
1.033325503027793
1.032781097406234
1.032089889745597
1.031438066940453
1.030821838579760
1.030092612439389
1.029530437427850
1.028913969972625
1.028281251003049
1.027666496280712
1.027165298962126
1.026490667182202
1.025895337427389
1.025262963092765
1.024644811351077
1.024044506933772
1.023494929214731
1.022838267724324
1.022277429311639
1.021673967532217
1.021083743868289
1.020546920197299
1.019992852246726
1.019444898355554
1.018779076424200
1.018142628261399
1.017520881249049
1.016869008336378
1.016177797721565
1.015451558856519
1.014774824669703
1.014119284628447
1.013470392313658
1.012833146252278
1.012167968856881
1.011591225211785
1.010956477783007
1.010354406619715
1.009766815324514
1.009147317726822
1.008582658805453
1.008012010716775
1.007411686792854
1.006841480799181
1.006280073033908
1.005691328583044
1.005157017150243
1.004623852079962
1.004058137079171
1.003530733742541
1.002996334683772
1.002454015752907
1.001920387907610
1.001415076731631
1.000910117389551
1.000410359678162
0.999918835220323
0.999425080835583
0.998947692105283
0.998505414508959
0.998007760973162
0.997430557176257
0.996801720636998
0.996211933752644
0.995598235471094
0.995045793972913
0.994520287116337
0.993973317927488
0.993425771524244
0.992915879198877
0.992401919800465
0.991902910766685
0.991398909429723
0.990899424503649
0.990424687973763
0.989987574305844
0.989484065002786
0.989012898244589
0.988538856084319
0.988055257240092
0.987612282242883
0.987156520700051
0.986681629546686
0.986237131902900
0.985816177400279
0.985403190074018
0.984966957178385
0.984514272131570
0.984128444071930
0.983653454999073
0.983241298332527
0.982825096880206
0.982370481640832
0.981927378950085
0.981568542621852
0.981097462106399
0.980677400047928
0.980334649006782
0.979878428359891
0.979428199897581
0.979249814482737
0.978718770846792
0.978467605427112
0.978022078026067
0.977773601511113
0.977077356986541
0.976653541740492
0.976229546006361
0.975739534200945
0.975265883547648
0.974800458953458
0.974394152584260
0.973917207426370
0.973469518815762
0.973062034397788
0.972671009118067
0.972227208383960
0.971777679758290
0.971370626107661
0.970918744393396
0.970590011442274
0.970134204669432
0.969734775914780
0.969294937195423
0.968958208952787
0.968495609034425
0.968115857316420
0.967692631655580
0.967296787877076
0.966881235058592
0.966468922292310
0.966091320348282
0.965669939852167
0.965360008183050
0.965035941651491
0.964835566169519
0.964449584237214
0.964229309531701
0.963920598910332
0.963685448309024
0.963395867201905
0.963158207871841
0.962827292555512
0.962494134423701
0.962266679112110
0.961899748405889
0.961563499122309
0.961309136865254
0.960937276756154
0.960638876812560
0.960383759901489
0.960033650055231
0.959706571390974
0.959452422892517
0.959154961717661
0.958820327151357
0.958548749508656
0.958230979047530
0.957970577920098
0.957641735072801
0.957354198064324
0.957123276842746
0.956763093881652
0.956484471848397
0.956172042930219
0.955985129528557
0.955594577613283
0.955381204757681
0.955085066168328
0.954798284320760
0.954499620784074
0.954267675442502
0.953986893798848
0.953693847927865
0.953399484278489
0.953175573746255
0.952872057363754
0.952645760087938
0.952322778525423
0.952100225856372
0.951797233831482
0.951579138528080
0.951257934224347
0.950989908540983
0.950700410146132
0.950532763168935
0.950180653725479
0.949929322258448
0.949673526947806
0.949415864136905
0.949159279768059
0.948851951032546
0.948626559272043
0.948414214281249
0.948175762861804
0.947851959268136
0.947671924700412
0.947381171994006
0.947233438052807
0.946948296602718
0.946822064571684
0.946606217194671
0.946411416265252
0.946188582844280
0.945949643527839
0.945755363567560
0.945520407409542
0.945219043504509
0.944967638354997
0.944680096679344
0.944449778918376
0.944102498490784
0.943810139112211
0.943344255230137
0.943036955929544
0.942775802060767
0.942561223099460
0.942219238493166
0.942042521961821
0.941688499406834
0.941413647791559
0.941148110561070
0.940899516526240
0.940416799309789
0.940106470147378
0.939905062681604
0.939740914203330
0.939283991216718
0.939130928070586
0.938877330854817
0.938380304793930
0.938262552056454
0.937925105573811
0.937764284971337
0.937348957710741
0.937222541027164
0.936958982449896
0.936721644473110
0.936267543681759
0.936019127778891
0.935792717733442
0.935602311154744
0.935180484349661
0.935087476489075
0.934752614214162
0.934532404387233
0.934212843777337
0.933973861815008
0.933268224639732
0.933352335655531
0.933073587678440
0.932894221489963
0.932147872356454
0.932256146708640
0.931955340479438
0.931292528271755
0.931441913530283
0.930629730699602
0.930807922354644
0.930512420406534
0.929857186862589
0.930020978419590
0.929225277363028
0.929427493239952
0.928677759002440
0.928829711184382
0.928130777593887
0.928239516568054
0.927605345286921
0.927720515847859
0.927281154199519
0.926836841969700
0.926897569417260
0.926305900749604
0.925825913133428
0.926017726873580
0.925412168580359
0.925500620473982
0.924659065258008
0.924918336559534
0.924304743028769
0.924452485851653
0.923852426752334
0.923439098930927
0.923617748098422
0.923006887287440
0.922643384162038
0.922760765502917
0.922174843726024
0.921849310741699
0.921998028592085
0.921471910034885
0.921036137106041
0.920702099929864
0.920958514702747
0.920349903441108
0.920012301410174
0.919668074770784
0.919339759076621
0.919640226692876
0.919010335093684
0.918735130939393
0.918375852854656
0.918045958013079
0.917809872092959
0.918028333359894
0.917516802557988
0.917132106995880
0.916853159218796
0.916581648841021
0.916281536275744
0.915952805977145
0.915745981190967
0.915406663362766
0.915182671378170
0.915406176195677
0.914723308861570
0.914584906712100
0.914237975047713
0.914033480869891
0.913748102258742
0.913498082988535
0.913257945827790
0.913023517623159
0.912777123375713
0.912539902533952
0.912287439426123
0.912086373916132
0.911813295408358
0.911600646668579
0.911222789752640
0.911059476655228
0.910818799806653
0.910685045281598
0.910415743754970
0.910200536086943
0.909987221390551
0.909592088912403
0.909499659333893
0.909269423032640
0.909054332881921
0.908872521431594
0.908508436905728
0.908418240298206
0.908154236779370
0.907973236346366
0.907665515856530
0.907498105073248
0.907325531338538
0.907161383427207
0.906919146341464
0.906597932999372
0.906498580833753
0.906252586831470
0.906099078754750
0.905770435853984
0.905607948214804
0.905438351476012
0.905289903466046
0.904879393270308
0.904784527695522
0.904631453751907
0.904399068317671
0.904080488947228
0.903965855195921
0.903810711937436
0.903356422814523
0.903274438401573
0.903076956036535
0.902891631930192
0.902499609805330
0.902372977146213
0.902185567313226
0.901920446821888
0.901752805713806
0.901384298748878
0.901217618615674
0.901034169203465
0.900861093719578
0.900625380395623
0.900195582804832
0.900131105508119
0.899910672795562
0.899712451517984
0.899328195541324
0.899240575610273
0.899050774119261
0.898862382368419
0.898625556952542
0.898294898476921
0.898194940130497
0.897982292342046
0.897732090391133
0.897430173067334
0.897312874829009
0.897090395899289
0.896954068584510
0.896568432805676
0.896432354735165
0.896290724820111
0.896066022276035
0.895843504150598
0.895546499431018
0.895413397769452
0.895198083158815
0.895085410788515
0.894728214270249
0.894596533748174
0.894476121835319
0.894299432201112
0.893996729234430
0.893968230740802
0.893830414983239
0.893653208750950
0.893399391682612
0.893352471075203
0.893191986512219
0.893076550690122
0.892932849140860
0.892661622767048
0.892581911733083
0.892432144043250
0.892335462724268
0.892062580140928
0.891982209594927
0.891861396267099
0.891744140823036
0.891544671761277
0.891332411203305
0.891221520770268
0.891146973670199
0.891006971686771
0.890842382079572
0.890593671077446
0.890538259463492
0.890414849752513
0.890311955114234
0.890005389979850
0.890006654433802
0.889831700522660
0.889723110880820
0.889606557736413
0.889326416666564
0.889316031342310
0.889167449701423
0.889073236698478
0.888760591311151
0.888796252802049
0.888640205270569
0.888508157858878
0.888393740384733
0.888132456188697
0.888106941888378
0.887949915737946
0.887869311776569
0.887623951318287
0.887566507449181
0.887422489103359
0.887324587855636
0.887196669555334
0.886945975814723
0.886930318742775
0.886763726384733
0.886664244050714
0.886392555832148
0.886366825931108
0.886250551314699
0.886126773324838
0.886031715179208
0.885770857837474
0.885705388561080
0.885619456820905
0.885475653597075
0.885265123506870
0.885203755123476
0.885052145516002
0.884969411529205
0.884725529595080
0.884735815526441
0.884543990693786
0.884455157945253
0.884269626062300
0.884141371106368
0.884095517766543
0.883927604079496
0.883738843264153
0.883695497010755
0.883566576077325
0.883455966704113
0.883268087524585
0.883254210927081
0.883090668240279
0.882879345651906
0.882814635345412
0.882711646643954
0.882576902165612
0.882402743066636
0.882343533549892
0.882212371733613
0.882091776063064
0.881918490191337
0.881842004254845
0.881729625766072
0.881532702964551
0.881535207175016
0.881358123564262
0.881258838608742
0.881034922434899
0.880981554724213
0.880854376863836
0.880658830817980
0.880604368183014
0.880484516677164
0.880336725088806
0.880130854589767
0.880071520360533
0.879950382016326
0.879753532217950
0.879699883142779
0.879505025253713
0.879359356514729
0.879178568403104
0.879081608958302
0.878900199203381
0.878707747254528
0.878616409844777
0.878440033542092
0.878323325886328
0.878139565988680
0.878060791492315
0.877862452171199
0.877701868152411
0.877633192566237
0.877461031629485
0.877315299279122
0.877121416347906
0.877052851718768
0.876888180488881
0.876762345561847
0.876631267984389
0.876491376881588
0.876324333032069
0.876233214498100
0.876079251954814
0.875901932163501
0.875878427206691
0.875729940923886
0.875534614309338
0.875486131612213
0.875354127508315
0.875215699722029
0.875164489515663
0.874995252494805
0.874833641829348
0.874789111225716
0.874626581958866
0.874475213550263
0.874458347401493
0.874294548351107
0.874132751781519
0.874030154323690
0.873912218491216
0.873739833991890
0.873737867173563
0.873576678266111
0.873406011051380
0.873350003210435
0.873185783781220
0.873076226508433
0.872968603087445
0.872884640922613
0.872738741580093
0.872658743968645
0.872500668442773
0.872361292381512
0.872299944472401
0.872156645852383
0.872072111903574
0.871955598842175
0.871819960377194
0.871673663426397
0.871615403236252
0.871442224306994
0.871376171385024
0.871279825649384
0.871117622731669
0.871054127721337
0.870893489323237
0.870741779331127
0.870677131425443
0.870603403508639
0.870425806846267
0.870354695803464
0.870181944384330
0.870134571651937
0.869992208437333
0.869862592969073
0.869757406489203
0.869646164757487
0.869504759326513
0.869444807302511
0.869265520523575
0.869239414089747
0.869095611312395
0.868945305861707
0.868910946930059
0.868744765911230
0.868629075098168
0.868561466031675
0.868434934912882
0.868372337987270
0.868242734963623
0.868121644198269
0.867997869481190
0.867906315096307
0.867878221338972
0.867675153272317
0.867623166945534
0.867500442554080
0.867372395406084
0.867346447112871
0.867208778665742
0.867074653400187
0.866995489489193
0.866875885561006
0.866811464164545
0.866685143418171
0.866645119095871
0.866465434993998
0.866378297316093
0.866298406830607
0.866162240238231
0.866103832275427
0.866046698767347
0.865864097397614
0.865804373199589
0.865681872788407
0.865600896917820
0.865487015906551
0.865444382157848
0.865265615211361
0.865190046354992
0.865099244598239
0.864963445765560
0.864943119985339
0.864787141162094
0.864724796304176
0.864624243968861
0.864494299680506
0.864485532855792
