0.256342
0.240834
0.238808
0.237217
0.235966
0.234972
0.234165
0.233487
0.232893
0.232348
0.231822
0.23129
0.230732
0.230131
0.229472
0.228746
0.227947
0.227074
0.226129
0.225117
0.224046
0.222925
0.221765
0.220578
0.219374
0.218164
0.216955
0.215755
0.214566
0.213392
0.212233
0.211087
0.209951
0.208823
0.207698
0.206569
0.205432
0.20428
0.203105
0.2019
0.200657
0.199366
0.198018
0.196602
0.195107
0.193522
0.191835
0.190033
0.188103
0.186035
0.183818
0.181441
0.178896
0.176174
0.173268
0.170166
0.166856
0.16332
0.159537
0.155484
0.151139
0.146491
0.141543
0.13632
0.130868
0.125246
0.119518
0.113747
0.107995
0.102325
0.0967972
0.0914692
0.0863936
0.081612
0.0771509
0.0730181
0.0692038
0.0656846
0.0624296
0.0594055
0.0565799
0.0539235
0.0514106
0.0490197
0.0467332
0.0445367
0.0424192
0.0403722
0.0383897
0.0364674
0.0346033
0.0327967
0.0310481
0.0293593
0.0277327
0.0261711
0.0246775
0.0232548
0.0219057
0.0206319
0.0194347
0.0183141
0.0172693
0.0162986
0.0153994
0.0145684
0.0138018
0.0130955
0.0124452
0.0118466
0.0112955
0.0107879
0.0103199
0.00988807
0.00948902
0.00911978
0.00877763
0.00846007
0.00816488
0.00789004
0.00763372
0.00739431
0.00717034
0.00696048
0.00676356
0.00657851
0.00640436
0.00624025
0.00608541
0.00593911
0.00580072
0.00566967
0.00554541
0.00542747
0.00531541
0.00520883
0.00510737
0.00501069
0.00491848
0.00483045
0.00474636
0.00466596
0.00458903
0.00451536
0.00444477
0.00437708
0.00431212
0.00424976
0.00418985
0.00413225
0.00407685
0.00402353
0.00397218
0.00392272
0.00387504
0.00382905
0.00378469
0.00374186
0.0037005
0.00366055
0.00362193
0.00358458
0.00354846
0.0035135
0.00347967
0.0034469
0.00341515
0.00338439
0.00335457
0.00332565
0.0032976
0.00327039
0.00324397
0.00321832
0.00319342
0.00316922
0.00314571
0.00312287
0.00310065
0.00307905
0.00305804
0.0030376
0.00301771
0.00299835
0.00297951
0.00296115
0.00294328
0.00292587
0.0029089
0.00289237
0.00287625
0.00286054
0.00284522
0.00283028
0.0028157
0.00280148
0.00278761
0.00277407
0.00276085
